ΤΟ ΤΗΕ NO'I'ES. 757

Η11, 465, 550, 633. 1111111111, 500. 116111111,61111,40,48.
——(udv.), 500, 622. imi 1111111, 307. Ingenium, 193.
111111111,450.11111111111,158. 111111111181, 301,048,717.
11111116441111111111111111, 561. ingluvies, 338.
Hinc, 363. 1111111111, 108. Ingratus, 338.
-—— 1111111, 283. Immo, 340, 472. Inhospitslis, 371.
Hircus, 575. 1111111111, 10. 1111111111, 250.
Hirpini, 103. 1111111111, 407. injuris, 445.
1111111111, 163, 355. immunis, 106, 251, 617. 1111, 076.
Η11,306(1111ὶ,400. 1111111302. 11111, 370.
oc , . impares (1111111180. inops, 5,118.
impariter, 704. insanis, 480.
1111111111,353.11111111γ,1111 11, 472.
11111111,163.111111111,312.
1111111111,483.1111115111111,615.
1111111111, 61, 82, 340, 571, insolens, 21.
2111111117. 1111111111322.
11111103450. -11171111111111711111111311.
111111, 303. imperiosus, 532. Institor, 161.
Horuoo’s 1111111, 373, 308. imperium, 573, 678. 1111111 divites, 240.
1111111, 133, 301. impermissus, 160. intectus, 202.
—- 111111 moon, 265. imperor, 575. Intsminutus, 141.
—- 11111111, 255. impluvium, 160, 600. Integer, 152.
1111111, 106. Importunas, 412, 588. inter, 561.
Horres Sulpicio, 250. impotens, 133, 215. -—- (repeated), 406.
111111 Caesaris, 410. impransus, 484. Interest, 338.
Hospitium, 378. improbus, 168, 201, 340, 510, 11111111,275.
Huc, 206. 518. interire, 128.
- 11 huc, 383. Inuum, sd, 883. Interminatus, 387.
Η1111111111111111, 687. 11, 301, 342. Interpellare, 405.
Hunc 1111111111, 421. - medius res, 711. Interpoluticn, 234.
11111111, 424. - mem, 371. Intostsbilis, 476.
Hunting, 275. 1111111111, 302. 1111111111, 277.
Hybrida, 407. 111111, 344. Intusinm, 340, 556.
Hyperborei, 135. 11111111, 101. inulae, 452, 542.
Hypermestra, 173. incendiis, 230. inuitus, 541.
Hypobusis, 403. 1111111111, 408. 1111, 31, 635.
incestus, 142. Ita, 456, 515, 711.
11111111, 617. 1111111, 132.
1. incitegn, 403. Ivy, 6.
11101180. J
11111111, 705, 717. Incolumis, 474, 607. ’
Ibycus, 706. Inconsultus, 574. 1111111, 473.
Ictus, 440. increbescere, 511. 1111111, 122.
-11111120 1111111111257, 317. 1111 jum, 316.
Idoneus, 204. 1111111111, 515. —- nunc, 83168, 060.
Idus, 247, 278, 308. incumbo, 17. 11111, 103.

ι -icr (ini. poss), 246. indecoro, 226. Jews, 887, 374, 423, 486.
-ies, 340, 482. 11111,35..Ιο1111,11,584.
1111111664. 11111531111111111111435.
ignes, 183. 1101111111,126,130,430(1111). 1111111ρο1111,256.

1111 11111111,(111111,111(1111,11(1111111,450,568.-- 1111111111256.
548. 1111111228. 11111,111,111,119,721.

1111111111111111, 118. inemori, 286. iudices 8111111373.

1111111111181. ineptus, 352. Juggicrs, 837.

iilud, 370. 1111511465. iugis, 515.

1111111111, 374. 11111111, 476. 11111 gens, 260, 500.

1111111111, 516. inians, 506. Julius 011111, 7, 143, 305.

inunges, 322, 414. 1111161151, 506. —--- ,11111111 507.

—-,inships ,30. 1116111111,3,,,,,5224576163, -1101111703

1111111111401. 103, 200, 301, 313, 364, 365, Iunc, 164.

111131315111365, 002. 520,532,566,568,588,620. Jupiter (111) 304.

 

