Ή2

L.

11666 (61. Antistius), 81116 62.

laberius (D.), 811. i. 16. 6.

11166666, (1.11. 11261 cm 6261 C. 11.

Lnoednemon, C. i. 7.16.

Ι11ω61616611161, 6111. 6. 66.

lacon, (1.11. 6. 111 61166. 11. 6.

1116611661,(1.11 16. 7.

helius, 811. 11. 1. 661 ibid. rer. 72.

hortiodss (Ulixes), C. ἰ 16. 211 811. ii.

laestrygonius, 6. 111 16. 64.

laevinus (P. 1111611111), 861. 1. 6121 ibid.
161. 19.

mago, 6. 1. 22. 161 ibid. 161. 26.

--,6161611(1) 1111161, C. ii. 6. 16.

11111166116111611111), Art. Poct. 646.

-(Ι1.Α61161), 6. 1. 26. 61 C. i. 96. 71
C. 11117. 11 ibid. 161. 21 61111. 1. 14. 6.

1111116161ἰί. 17. 1.

murinus, 6111. 27. 6.

1116116666, 6. 111. 6. 22.

lapithas. C. i. 16. 61 6.11. 12. 6.

bros, C. 11126. 41 6. 11. 6. 641 61166. 11.
66186116661811116166181111.
6. 141 861. 116. 66.

brim· C. 1. 7· 11.

11111166 Furius, 61111. i. 7. 76.

latius, 811. 1. 16. 27.

1161111616. 1. 62. 61 C. ii. 1.29; 611. 14.
71 6. 11. 16. 161 61166. 111. 41 811. 1.
16. 261 61111. 1. 6121 61111. 1. 19. 621

1111116111ῧῖ ss; c. i. 11. 10, c. iv.
1461611111. Soc 66161111. 1. 19. 241 Lupus (L. Cornelius Lentulus), 811. 11.
61111. 11. 1. 1671 61111. 11. 2. 1211 Art. 1. 66.

Post. 266.

11616111, 6. 1. 21. 41 C. 111. 261216. 11.

hunus, 6161. 16.

111616111811. 11. 4. 42.

hierus, 61111. 1. 16. 66.

11666661, 61111. 111. 61 1616161. 7.

lado, 6. 1. 12. 26.

Ionicus, 1166 Bocchus, 6111. 26. 19.

166, 6111. 29. l9; 61111. 1. 16. 16.

1611166161. Aemilius), 611111. 26. 26.

1161161, 861. 11. 6. 72.

1161611, merswin, Epod. xii. 17.

1616161, 6. 1. 17. 211 6.1. 26. 111 6. 1.
62. 61 6. 11. 6. 661 61166. ix. 64.

161661, 61111. 1. 11. 1.

Losbous, C. i. 1. 64.

1161666111, 6. 11. 7. 271 61166111. 6.

1161166666, C. 1. 11161616.

Liber, 1166 Buccbus, 6. 1. 12. 221 C. 1. 16.
71 6.1. 1611 616291 6. 11. 16. 71
(1.1118.71(1.11121.2116.11.6.661
C. 11. 12, 141 6. 11. 16. 261 861. i. 4.
691 61111. 1. 19. 41 61111. ii. 1. 6.

INDEX

166111111611166718111161616111.
ii. 1. 49.

Libo, 61111. 1. 19. 6.

Librs, C. ii. 17. 17.

Liburnae, C. i. 67. 661 1111661. 1.

111616, 611. 2. 161 811. 11. 6. 161.

1661611161. 1. 161 611111. 16. 16.

1116611116,6.1 19. 6.

Licinius 6611111. Vide (111161.

-- (11. Murena). 6. 11. 16.

Licinus, Art. Post 661.

Licymnia, C. ii. 12. 16. 26.

ligurinus, C. 11. 1. 661 (1.11. 16.

1611616661, (1.111. 12. 6.

Liris, C. i. 61. 71 6.111.17.6.

111111, Augusti, C. iii. 14. 6.

Livius (Andronium), 61111111. 62; ibid.
ver. 69.

Lollius (M.), C. 11. 91 61111. 1. 66. 26.

—, 61111. 1. 2. 11 61111. 1. 16.

1661116161, 661. 1. 2. 67.

Lucanis, 861. 11. 1. 66.

116661111161166. i. 261 811. 11. 1. 641 861
116264186111.6.6161111.1.16.21;
61111. ii. 2. 176.

Luceria, C. 111. 16. 14.

Lucilius, 861. 1. 4. 61 ibid. 161. 671 811. 1.
161 861. 11. 1. 17.

11116166,61ι·ιιι. see. 161 111166. 1. 6.

1166611111, 61. 17. l.

Luclinus, C. 1116. 61
11. 4. 62.

Lucullus, 61111. 1. 6. 461 111111. 11. 2. 26.

116116,6.11.11. 161 C. ii. 16. 61 C. 1116.
1616112661 611111. 866. 66161166
xv. 11 6116616178.

6116611461811.

Luscus Aufidius, 811. i. 664.
111ἳ11611,6116ἒρο(161616663,3.6. 1. 7. ss, C. iii.
. · ,11.

1161111616. i. 111

1116161661, 6116611. 161 61111. 1. 16. 26.

Lyco, Cili. 16. 11 6. 11. 16, bobum 1616.
161. 21 1616161. 21.

111616, 61114. 62.

1116611661. 4. 19.

1116116611, 61166. xi. 24.

1116111161. 6. 16.

Lycoris, 6166. 6.

Lycurgus, 6. 11. 19. 16.

Lycus, puer, C. i. 61. 11.

-- 111111, C. 111. 19. 26. 24..

111ξὲ,36 11. 11221616. 11716111

Lydi, 11111. 1.

11181116όιᾰ1δ1ἀςο. 12019. 1161251

.111..;ιι.161..

Lydus, C. 11. 16. 36.

Lymphae, 811. 1. 6. 97.

Lynceus, 6. 111. 11. 67.

---,811.12.96161111.1.1.26.

 

