3551555, 193, 439.
Sapientia, 74.

355555, 793.
3555535555, 492.

Setis superque, 272, 317.
3515155115, 291, 433, 523.
3515515 Dromo, 715.
35115111, 239.

3515, 332.

Scabies, 277. 723.
355555, 459.

Scaurus, 352.

355515, 379.

35111551, 519, 593.
35153555, 4.

Scipio, 143, 239, 297.
Scire, 299.

35555, 499

Soita, 339, 593, 519, 395.
Scribere, 439

Scrinium, 335, 352, 333.
35515151, 723.

3511115, 592.

355555, 449, 431.
3515155333, 337.
3551155, 357.

Scythicos, 49, 51, 77.
3551-51555, 519.
3511515427.

3555555, 141.

35555355 55515, ieme, 421.
Secundus, 53, 544.
wne 5551155, 73.

-peer 55151115), 517.

353551, reducere 15, 395.
Sedere, 334.

353515 nutrix, 793.
3515155, 175.
3511555551, 577.
Seli-deiende, 441.
35115 5555115, 532.
351551, 234.

3551515, 199.

355115, 722.

3515115 11155, 343.
Senatores, 244.
Senatus-consults, 323.
Senectus, 395.
35555, 449, 332.
35515555, 723.
3551515, 349.

35555, verbs 51, 139.
Septimius, 32.
3555155555, 413.
3511 studiorum, 423.
355515, 337, 432.
3555551, 237, 359.
Sertorius, 311, 339.
351115, 172.

ΤΟ ΤΗΕ ΝΟΤΕ3.

⁸⁰³⁸, ⁴67·

Servus, 329.

Sesquspsmm, 7⁰7.

Sestertium, 593, 334, 392.

Sestos, 533.

35111155 3555, 273.

35515555, 331.

Sextilis, 537.

35555, 93.

Shops, 599.

3551555, 33

31, 214, 519, 513, 537.

Sib 511155 books, 231, 359.

315,14, 453, 437, 513, 592,

-. lubet, m

- temere, 199.

315555, 332.

3151115115, 139.

Sicyon, 533.

31355, 139, 239, 399.

3151115, 394.

3155551, 491, 519, 349, 377.

3115555, 391.

3111555, 333.

31115555, 194.

Simius, 427.

3151551355, 39, 491, 793.

5145155555, 793.

Simplex, 353.

315151, 29, 174.

31555555, 352.

31555155 number, 53.

315155555551, 293.

31155, 215.

3115 55111153, 15, 23, 149,

315155, 359, 459, 521, 529,
535, 329, 332.

-- ,,555511515 415.

--, 55515551, 395.

-—, 5551115551, 343, 433.

-— sule oi 433.

Smith's 1115551151155 en St.
Ρ551’51’55555,.39

Soccus, 291, 353, 373, 795.

355151 Wsr, 173.

3551511155, 713.

Socrates, 113, 4515491, 313.

351551, 93.

Soldicrs’ 315555555, 325.

35135511, 125.

35155, 353, 314.

Soleus 5555555, 543.

--· (1551555, 543.

355355 dies, 5.

35515555, 497.

35155, 794, 719, 725.

Solvere, 135.

35115, 53.

Sonare, 313, 393.

maturasset.

763

35555 51155515, 239, 343.

Sophocles, 439.

Sors, 29, 232, 325.

3551115, 232.

35515,1,47 139.

Spurinus, 25.

35551551, 232.

811311. ⁴77

3511155555, 712

355555, 439.

355515555, 339, 713, 722.

Specus, 292.

Spunoe’s Ρ5115μ115, 333, 371.

355555, diii.y

3511155, 519.

351115, 492.

3515555, 224.

Spiendidus, 237, 474.

Spondere, 333, 723.

Sponsor, 517, 327.

35551515123.

Spu-ing, 249.

Spurcum, 594.

Squillo, 497, 542.

St. Psul, 377.

31555 dress, 123.

3111555129.

315155, 333.

3155351115, 23.

31555, 23, 43.

31551555, 799, 711.

315155, 373.

3151555,354.

3151155, 515 Propempticon, 13.

3151115377.

3151555337.

315115, 213, 399.

Stesichorus, 42, 319, 793.

· ,1115515651

Stheneboea, 132.

3111551 vertere 433.

3115515555, 359.

Stipendium, 313.

31155 5, 213.

315155, 132, 335, 353, 357,
437, 543, 557, 599, 333.

Stolo, 349.

315555, 51551555, 252.

315151, 453, 544.

3115115351.

31555515 155115 472, 523.

3115515, 532, 337.

31555551555115, 397.

31555555, 219.

3151511, 534.

35155555, 333, 511.

31511155, 1555551, 4.

31555155, 524.

315315, 371.

3155555, 333, 377.

315 5, 113.

3554515,539.

 

