ΜΟ

Nem, 299.

Neuter adjectiva. 112.

·-- 11111111, 299.

1111511111111, 199.

Nigri ignes, 251.

1111111, 169

Nimirum, 596.

1111111, 159.

Nives 11111111, 252.

Nobilis. 999.

Nodum. 551.

Nodus, 191.

Nomen, 192, 200, 221, 9 ,
925, 099.

·- 11111 numen 111-
founded, 959.

11111111111111, 519, 591.

Nomina 1115111111, 719.

-- dominantis, 716.

Non, 969, 999, 179, 901.

--, 111 ne, 90, 971, 912.

·- mus-ut. 202.

Noton. 999, 972, 992, 992.

Nomius, 999.

Nova 11151, 221.

1111111111111, 919.

Novem, 295.

Novus homo, 999.

Nox, 199.

Nuces, 170.

Nudum, 500.

Nudus, 192.

11111111, 909.

Numerus. 592.
1111111111,911,715.

Nummi 111111, 699.

Numquid 111, 119.

Nuper, 295.

Nympha, 209.

0.

0 5111, 199.
01151, 192, 599.
——‚ 1111111111, 909.
obductus. 905.
0511111111, 912.
obliqua 111111, 191.
05111111, 919.
0511111111, 109, 920.
obstipus, 511.
011111, 692.
0111111111, 671.
0111111111, 192.
0111111111, 119, 217,119, 579,
592, 729.

INDEX

01111111, 179.
01111, 192.
octavia, 975.
octonis, 999.
odom, 29.
offensus, 910.
officiosus, 587.
Officium, 999, 999.
0511111, 511.
011,101,151, 599, 917.
Olim, 107, 229, 279, 971, 505,
522, 602.
01111, 25, 199.
olympio 011111, 2.
01111111, 596.
onyx, 259.
opacus, 151.
0111111, 567.
011111, 569.
01111111, 177.
Qmmmaeaa
01111111, 102.
0111111111, 192.
Optio, 919.
01111111, 099.
011, 11, 597.
011111, 929, 599.
01511, 119.
01511111, 559.
01511, 799.
01511, 229.
ota, 199.
011111, 115.
0111511111, 711.
011111, 297, 669.
0111111, 192.
Orpheus, 195.
01111, 175.
0111111 1111, 206.
Ostium, 575.
011111, 159.
0111111511), 692.

ΨΜῆῊΆΛ·

P.

2.11(1 01111115111111, 611.
Pacuvius, 166.
2119111111, 999, 711.
Paene, 961.

21111111, 097.

2111111, 951.

2111111, 902.

palazzo (1911111111),171.
2111111, 17, 216.

2111110111, 12, 919.

21111, 919, 111, 715, 719.
2111111 (111111), 297.
2111111111, 962.

2111111111, 991.
Fundamentum, 299.

21111799.

2111111111, 725.
2111111111, 299.

211, 191.
211111111111111, 669.
211111, 099,
21115111, 579.
2111111111, 190.
21111111, 162.

211, 910.
- 11111111,199.

2111111121.

2111111.

21111511992, 511.

211111, 206.

Parthians, 19, 19, 59, 191.
115,110,119, 117, 151.
292, 199, 611.

2111111111159.

2116111111-1111,9,122.

2116111111,155

2111111 1111111111999.

211111 (1111111),519.

2111111111 neuter 1111 111111-
1111111151, 99, 121, 111,
271, 277, 919, 457, 575,
925, 792.

2111111111919.

21111111 11 151 21, 199,

21111517.

--11111-111,12.199.

- urbium, 199.

Putem. 199.

2111. 929.

2111111 with 1191111111, 12.

2111111159.

2111111111, 951, 195.

2111111926.

2111111, 171, 156, 171.

21111111, 191, 911, 799.

Paucorum 1111111111. 121.

2111111, 219, 152, 909.

2111111111, 5.

2111111111, 199, 509.

Pu, 79.

2111111, 151,199.

2111111 timeum, 711.

2111111191.

Pectore, 1111, 570.

Peculium, 591.

21111111, 599.

21111925.

219111111111110,199.

21911111, 516, 700.

2111111111119.

Pejus, 991.

211111, 199.

Ponere, 170, 529.

 

