ΤΟ THE NOTES. 765

11555, 663.
’ . . - 1155555155, 651, 676.
luten, 235, 567, 556, 557. Videor, 88.
15155, 549. Villo, 622.
15155, 474. 15555, 286. 11111555, 615.
1555, 67. Vnppo, 334. Vinaria, 541.
Twelve Τ55155, 367, 445, 466, 15555, 352, 467. 1155555, 357, 481, 483.

658, 676. 15155, 659. Vinculum, 416.

3155555555, 179. 15, 664. vindemiator, 499.
15511351, 136, 456. vindicatio, 531.
1535155155, 463, 521, 572. Vindicta, 531.
11. 155555, 214. 11555, 138.
151, 274, 664. 11551555, 676.
111155, 366. 15115155, 246. 11515515, 126.
111155, 229, 365,466,441,565, 1555126. 1151555,216,662.

511, 529. 1555551555, 563. viperinus, 279.

11155555, 212. 1555115, 176, 329, 663 Vir (emphatic), 362.
1155111555, 367. Vendere, 665. virore, 29, 364, 316.
Umbro, 546, 675, 596. Venenum. 269. Virgo, 163, 177.

11585, 33, 266, 362, 466, 517, 15555551, 266, 456, 515. 115115 officinm. 713.

761. 155155, 326. 115555, 5156511155 51, 166, 637.
-- domo, 59. 15515555, 673. 115155, 246, 316, 464, 643.
Unda-girling, 36. Venno, ll, 14. Virtute 1555155, 259.
Ungue, 316. — libitina), 517. 115,177,259.

1155515, 166, 386. - ihm ο1 dion), 161. - notior, 293.
11515555, 176, 364. 1555515, 146, 241. -555555, 261.
11555, 465, 526, 596. 1555111555, 345. 1155555115, 471.
11555555, 597, 621. 1555565155, 121. 1115115, 443, 526.
1155555, 766. Verbo, Jurnro 15, 548. Vitellius, 556.
1155556112. -— doro, 349. 11115555, 123.
Urgero, 129, 242. - nominaque, 356. Vitium, 175, 515.
Uri, 536. 15555155551, 562. 1115555486.
-5515, 716. 1555555, 49, 246. 11555 vooes, 721.
Urno, 93, 137, 336, 441. Verborum obligatio, 517. Vivatia, 554.
Urso Minor, 213. 1555555155, 589. 15551155, 134.
1151155, 669. 155555, 357 , 365. 1515555, 67.
Usque, 215, 693. 15555, 278, 682. Volumina, 613.
115555ρὶ5, 692. Vertere, 482. 1515555, 676.
115555, 554. 155555, 212. 1515555115, 588.
11555, 169, 356, 669, 686, 692, 1551555165, 198, 247. Vulpes, 477.
704, Verum (litator), 488, 594, Vulturnus, 362.
Ut, 263, 229, 271, 276, 293, 611.
326, 357, 368, 391, 399, Veruntamen, 327.
436, 443, 664. 1555165555, 412. W.
— nnnc 551, 418. 1555515 51 511555 5551555555,
- (omitted), 272, 333. 366. 11511515, 15515 51, 487.
-tomen, 522. 15515114. 111115, 566.
1115555, 324. Vesuvius, 55111551, 393. 11155, 5115515 51, 47, 361, 371,
11155, 564. 151555, 477. 446, 514, 574, 646, 636.
11555555, 521. 15155555, 595. 111555, 29, 56, 189, 193, 246,
1515155, 179, 252. 277, 338, 472, 468, 496,
5555515 655. ooo, 573, 551.
V. --15555551155 413. 11115555, 287, 317.
-115551155, 462, 413. 1155555157.
Vacuus, 21, 567, 589, 626, 1151155, 635, 684. 11555155, 21, 446.

1187, 1155555155, 641. t
Vodnni, 426. 11555155, 531.

155155, 326. 1155. 254. Ζ.
Vndimoninm, 327, 426, 424. Vioem, 316, 427, 766, 721.

15155, 456. victims, 196.

1551555555, 226. 11515515, 641.

 

