754 INDEX

0011110111488. cren, 81, 464, 488.

· 0011111111, 769. Cretan 11111, 81.

compfflmv 437· cnfid, 661· '

0011111111, 689. 0101111, 498, 666.

0011904, 73, 247. 01011, 266.

compita, 466, 486, 626. 01111111, 684.

&mmmm 1111111111.

0111161111, 866. 0111111, 44, 419, 486, 686.

0011111111, 617. 01111111, 484.

concinere, 222. 0110100, 469. ’

00111111, 624. 011111, 466, 616. 01611111, 489, 478, 676, 769.
0011116111, 867. Cultor ugelli, 7⁰8· 1111116111, 427, 718.
concutere, 869. 01111111, 727. 1111611111, 486.
0011111, 282. camon, 886, 686. 1114111111, 426.
Conditus (111111), 262. cuminum, 647.

001111111, 129, 888, 664. 0111111111, 71.

0016111, 466. Cuneus, 78.

Confestim, 669. Cup-benten, 67.

00161111, 426. Cupido, 122, 886.

confidens, 161, 467. Cupidus, 711.

eonjunetion, 62. 01110011111111111, 418.

01171111,1ι. Cur, 72, 696.

0011161111, 164. 011111, 666.

compium, 296. -- 111111, 668.

1111111111110. -116111662 671,

consilium proprium, 874. 0111101, 889, 466.

Gomon, 261. 0111111111, 2. ”

001111, 248. “ emus, 461. 0111116111, 198, 697.
001111111, 478. 011111 magistrum, 8, 868, Desertor, 686.
consultus, 74. wa, 682. 1111611111, 674.
contendere, 187, 661. 0111111, 496. 9111111101, 687.
0011111111, 149. eanum, 666. nostium, 476.
0111111111111111. (1111111110. 11111111, 111.
0001111111864· cmm, 669, 711· 1161861111, ‹¹³-
comum, 466. Cynthus, 189, 886. novenarium, 626.
commond mom, ⁴¹⁸. cyme, ³⁴⁴· Dexter, m·

419, 422. Cyclops, 18. 01110111111110.
00111, 26. 01111111, 769. 1111110111, 869.
0116111, 646. Cycnus, 184. Donatius, 629.

0011, 128. 011111, 682, 648. Di 116 de 1011011616, 4, 86,
00111, 6, 867, 464. cyrenaica, 649. 116, 187, 166, 166, 281,
-- copim, 46, 267. 262, 822, 482, 441, 468,
001011, 724. 678, 687, 668, 612.
0010111111111, 84. 1111111169, 194.

01111101, 622, 669. 1). 1111111618.

Corruptus, 464. Dice-box, 627.

corrigiae, 894. Daci, 186, 269. 11111111, 191.

0011ΰεῖ91575· Dm, 9· Dim, 3831433, 4761 552,
0011111, 668, 686. Damnatus, 471. 688, 668.

0061111111, 678, 766, 716. Damocles, 188. Dido, 464.

001111, 1111111111, 278, 274, 1)1111111,118,166. 0111611111, 166.

626, 696, 616. 1)111,11111110111101161,479, Dim, 42, 864.

- 011111, 463, 644. 687. - 101111, 486.
0111111111 (L), 226. 1111611, 4, 66, 61, 212, 218, -1111116,114.
0111111, 116, 146, 166, 268, 868, 868, 466, 467, 472, Diespiter, 76, 142. .

611. 667, 717, 867. 11161111, 717.
crates, 649. 1111,61111·16160101, 696. 1116011111, 877, 688.
01161111, 726. 111111,1111111,66.1)16111111, 444
01111111, 466, 698. 1111611111), 617, 642. 6161128181 78, 214,
01111161, 868. 111611 die, 811), 686. 1118116111, 468, 678.
0111161110, 726. ι -1110111111 827. Digentia, 182, 624.

 

