1003 03100113, 717. , . 1630110110, 663.
100000 10 verbu, ³⁰⁰. , . 161003, 667.
,largn-e, 666. 110003 utruque, 164.
10013000301103,326. --(μαιαρίζειν),326. 110003, 336, 376.
103, 326, 626, 764. 130003, 216. 160001306003, 366.
..- in, 000300, 466, 424, 666. 130113 10301603,466.110016010 (310111), 336.
-(33000),467.130000,63,174.11001600149.
—pej,mtum 162. 1303, 6131001031, 666. 113, 421, 472.
-0010311101, 766 103600 01003, 666. 11100311, 662.
-00300060061,326. 1001100, 466. 1111110126.

1031100, 3661001οι, 162, 371, 672. 111000, 672.
10311113, 66126. ——- genialis, 666. 11013, 176.
103103,144. -36000300 666. 100000126336.
10000011, 717. —-—- 30011003, modius, 1000103, 366.
1000013, 12, 177, 666. 10103, 636. 10003, 722.
10000133, 66. 100000-6001100, 666. 101100, 372.

1003103, 266. Lollius, 226.

100000, 667.10000101100000,362.

10003 61001010οή30, 116126. Longum 01310000, 726.

10013, 661, 364. 10601003, 46.

10100003, 666. 10003, 266.

10010010, 666, 666. 10001, 663.

1003003, 263. 1001110164.

10010100166, 164. 10001003, 1211, 666, 766.

100103, 366, 464, 666. 1000001, 26.
13610003,164,166. 1030603, 766. 10003, 676.
13600300, 366. 1016001013, 466. 1061, 433.
laboriosus, 317. 100103 (360), 627. -111010111666
1360013, 376. 100, 231, 326, 626. -·-· 6000111003, 261.
1300000126626. -3000113, 376. -—-· Tarentini, 261.
lacrimans. 666. *Cornelia 446. 1061000, 677.
1301000, 467. (10 simlia 01 10603, 647.
1301030, 466. 1100060113, 674. 10011110οή00, 666.
13003, 667. - Hortensia, 626. 1000, 166, 364.
-Νο100000310376 -10113, 16. -- 0000113166.
1306000, 266, 666. —-- de adulteriis, 641. 10030 0010000, 236.
1300103, 666. 60 0001130613 00- 10031100, 726.
1300101000οο0, 461. (1101603264. 1001003, 666.
130003, 266. -—-— 01 Papia 1000003, 10003, 276, 462.
13001103, 463. 264. 1001603, 162, 262.
130003, 641, 661. -·- Plaetoria, 336. 10310010, 367.
130013, 461. ·- noscis, 263.

- Servilia, 373.
1163110621.

11601103, 666, 466, 661.
11600, 3112 (613), 462.

1111000113, 47, 166.

11600103, 661, 661.

1160011003, 666, 361.

11603, 364.

1111100103, 006110, 366.

1111000103, 726. 1130011010, 461, 621.

Libum, 634, 666. 11006103, 667.

1100611, 316, 463. 610010, 646.

1100003, 463. 1106000, 163
1310300 (10303, 446664. 1100003112. 1111000003 336.
1360601001, 367. 113001, 362. --, 61360033, 411.
10103, 466, 476. 110100, 667. 61300363, 263.
memsam 1100060664· mmmmm

 

