764 INDEX

61111141, 416, 595. 11461, 229. Timor Deorum, 467.
Sub, 277, 441, 452, 526, 664. 111411114,461,333,566. Tiro, 339.
-- in composition, 16. 1111517. Tirocinium 1411, 336.
-111111141., 439. 11144, 476. 111111, 226.
—- 441411 629. Tamen, 26, 327. Titulus, 392.
6111414614, 329, 336, 516, 1111411, 466. Toga, 263, 265, 342, 361,
520, 523, 529· Ι13116113, 464· 4541 6111 639, 6⁰2
Sublimis, 711. 11111, 63. 148111 4411841414,476.
6151111414, 466. 11111114,115. 1481114, 662, 726.
6151411864,435. 111111411114, 255. 1411414, 3, 149, 364, 566.
6151611111, 567. 14111, 15. 14111, 499, 573.
6131111814, 511. 141484114272. 1411141141, 193.
64111111, 346. 1411414, 437, 666. 1418414, 333, 577.
6411141141365. 1411411111, 662. 1418414614, 636.
64114111, 556. 1411841114, 199. 1411414, 365.
6144114111, 377, 414, 524, 14118144, 121, 156,436. ——jeonn 216.
537. 14111, 273. 1411114, 345.
614441 (11841), 491. 1416414, 436. 14141, 496.
644444, 372. 141411 1414 te, 469. 111114, 127.
614141 (1114811), 413. 141414, 627. 11141114, 379.
61411, 196. Tentare, 162, 332, 475. 11141114, 114.
6114164, 639. 14111141,152. 1116414, 421, 596.
61111, 312. Tenuis, 123, 761. 1118461114,11411111,672.
611141, 622. 14444, 551. 1118468,111846,61441 712, 713.
6411414, 566. 141, 63116, 551. --, 1141111, 713.
Summo, 2³7. 1414144, 673. 11111414, 223.
Summum, 16, 557. 14141111, 116, 279, 366. 111114, 397.
6111141414, 122, 129, 421. 14144, 6, 362, 533. 1111441411, 465.
Summum (111118), 522. 141411,- 256. Trepidam, 169, 247, 6111.
644141111626. 1418414, 451. 11481611, 146.
64111411,2,137,365,433,1111116414,317,366,566.114411541114,377.
577141111114129. 1111144, 562.
64841141, 573. 1414, 263. 1111111111, 444.
64841, 47, 297, 515,531,664. 1411114111, 37. 1114111111, 371.
6184114, 134. 14141, 616. 111411, 722.
Superum, 272. 14111, 29, 192. 1111411114, 195.
6484114114, 135, 619, 722. 1441164, 224. 11184, 465.
61811111 nuum, 529. 1411141416, 346, 765. 1111118411, 133.
6481114,193.14111114141,114411114,795. 1118161114, 167.
6188111414, 669. 1411114111, 349. 11114114, 139.
6414111, 15614111, 647. 1111111, 427.
61411141, 719. 1111118114, 723. 11111181, 292, 316.
suspendere 1114, 391. 11118444, 66. 1111118111 8144411641, 222
fluum, 666. 1114111114, 664, 673, 674. 1111181151, 144.
6144, 296. 1114411111, 649. 1111118111223, 297.
6111111118, 439. 111448114, 764. 1114111111 4181111144, m
6818411141, 456, 521. 11441141141, 665. 111111, 193.
6814484, 66, 252, 344, 365, 114111484111,497. 11414, 143.
424, 476, 599, 531, 596. 11144814, 713. Trochus, 291, 449, 724.
68111, 169, 337. 1114111111, 663.1148”114,566.
11111641, 73. 11166114, 616.
11111114, 596. 1141414111, 352.
1144, 617. 111111, 474.
11181111, 496. 11111111, 354, 666.
Tiberius, 126, 176, 225, 246. Tu, 516, 529, 564.
--,11141114144141,596. 14115.
. 111111, 196, 269, 295,617, 763, 1111-11111118,639,636.
11541114, 519. 714. 1111111144, 177.
1114111111, 612. Tibullus, 72. 1111141, 346.
11114111, 369, 376, 716. Tibur, 97. 1111141144, 591.
1111141, 349, 463, 449, 537. 11811141, 365. Turbo, 316.
Tabulae, 446. 1111414, 365. 141611, 363, 622.

 

