l 1113666196, 660.

ΤΟ THE NOTES.

11116661111111116611. ¹

Β116111616,660.
1116666166607.
1116111616, 696.
11161161, 606.

’ 1116311666, 692.

Dionysia, 644, 766.
Dionysus, 64.
1116161111, 16, 94,167, 711.
111616, 20.

vipoun, 619.

Dino, 290.
111166,111,229.
Discere, 131.
Discolor, 697.
1116666166116, 666. .
1116116166, 116.
1116611166, 116, 706.
Discus, 449, 721.
11161166, nomos of, 449.
11161161, 296.
matriolas. 197.
1111616611661, 976.
Divos, 149.

Dividere oormim, 41.
Divido, 464.
1111111666, 694.

Dim, 140, 707.
1166616,191,617, 704, 720.

--,166161 6111611111, 16.
Dounion, 112.

1161116667.

——, (16111661, 699.
Doo, 190, 946, 606.
1116611166, 629, 666.
11161161, 6616 161, 662.
1116166, 266.

6116666111.
Dubius, 111.

1166616, 146, 147, 666, 664, ——Tum 606.

460, 621, 666, 666.
Duoo, 607.
1166166, 22, 26.
Dulcis, 666. 107.
Dum (66611116), 967.
Duplex, 466.
Dure, 664.
116166,111,196, 696.
Dux, 144.
11116116, 661.

11661116116611116997, 677.
Ebrius, 66.
Echinus, 406, 642.
Echo, 96, 66.
Εσρ116611666,760.
11616616, 646.
Edictum, 669, 466.
1111116,679.
Eduootiou of 1161666 bo

996, 999, 660, 726.
1136116, 660.

947, 462, 491.

111161661116117, 146.
11616ηά11616, 296.
1111166661, 496.
Ε6161616, 676.
1111116616, 666.

1111166166, 111, loo, 616,

1111111616, 0,141, 196, 264.
Epulum, 471.

Equos, 269, 679.

Equum 16116116, 724.
Equi 61111, 407.

Equitare, 229.

Equites, 244, 629, 669.
---, 6661111 1116666, 996.

Eq—J-mffime' 707'.

11116611.

Erinyes, 416.

11116, 696, 606.

Error, 460.

Erum, 642.

Erum, 666.
1161169166, 212, 246.
Mum, 674.

lot (ἔξεστι), 617, 612.
- (16111611), 616.

662

11616, 460.

111 item, 660.

1116616 flabro, 649.

Etiam, 471.

Etruriam, 991.

1161661666, 710.

Euius, 602.

Eumolpus, 726.

Euripides, his 6116161166, 716.
longari, 260.

61661113, (1666111666 61, 161.
111611616, 966.

111 uoto, 717.

11166166, 196.

ys, 1116111616, 664.

1116611616, 262.
Excubiae, 100.
6166111616, 667.
Excutere, 160.
6161161116, 619.
6161111161, 69.
11113616, 17 7, 496.
1111116, 19.
oximam, 177.
111161, 716.
6611666111
1

1111161166111, 226.
1111116616, 249, 406.
6111611616, 449.
1111666666, 606.
11161111161171.
1111111161, 604
1111666616460.

F.

Fubulo, 619.
1611610666,140.

166616 (πράσσειν), 669.“
11666166, 490, 609.
1666111116, 712.

Fallere, 102, 679, 096, 646.
16161116, 67.

lunaticus, 726.

' 161, 604.

Pom, Horooe’s, 624.
lutor, 461, 601, 609.
Fau, 191.

1166666, 602.
1166616166, 404.

Fufi, 104, 262, 661.
Fufidium, 601.

16616, 407.

Potum, 664.

11666116, 106.

 

