' 9999 9919499.

. 11919, 45, 599.

- 9911 vorm, 676.
— 99199199, 177.
malignus, 977.
1191919119999, 169.
Malva, 979.

1199999, 649.
1199919991, 979.
1199911999, 999.
1199911969, 699.
119991ρί919, 596, 599.
Monens, 599.
119919199, 767.
Μ991919, 114, 197.
119999, 19, 695.

Mangones, 699.
11991119, 499.

’ 119999999199, 591.

119999 1999, 916.
119199, 499, 575.
Mss'blffl, 12791399

1199991199, 599.
Marcius, 659.

1199999999, 544.

ΤΟ THE NOTES.

159

999, ’99, 494, 99, 979,

119999199,19,996,999, 459, 694.

119999999199, 515, 599.
Meroen, 456.
11999991, 11, 51, 516.
Meretrix, 949.

119999, 599, 669.
11999, 951.

11919119, 699.
1191919166.

Mutatur, 456.
Motompsychosin, 661.
1191111, 999, 996.
119199, 195.

Motum, 599, 697.
119199 deorum, 497.
11111991, 971, 564.
11111199] 19159999, m.
11111119, 916, 449.
1111119, 999, 499, 479.
1119999, 997, 599.

&mmmm

699.
11199, 599.
1119991, 595, 611.
Minerva, 999, 695.
11191999 provocare, 964.
1119199999, 991.
Μ19991, 99, 469, 591,577, 611.
11199999, 945.
111999, 495.
11119199, 499.
11919, 65, 946, 497, 495.
Μο199, 515.
11919 99199, 479.
11911999, 669.
1191111199, 455.
Momentum, 996, 599.
1199999919699,
1199999919, 419.

1199195, 61, 599, 596, 574, 11999, 1911999999 91, 499.

575, 599.
Mediastinus, 616.
119119, 99, 679.
Μ911991199, 196.
Μ9111991, 969, 955.
1191199, 199.
Meleager, 699.
11911999, 6.
1191119919, 541.

Μ99991,999, 499.
Morbus Ressimr 799.
1199199699.
Mordere, 519.
119999, 999, 951.
1199, 696.
1199999,169,999.
1199991(1999911999.6991,
11911999, 994, 459.

1191991199, 91999999 199199, Mulsum, 949, 459.

969.
Membrana, 469.

Memoria 19919199, 491.

Memphis, 994.
119994, 191, 991.
Mendax fundus, 199.
1199911999, 997.
1199919999, 991.
11999, 999, 564.

1191199997, 474, 511.
1191199, 499.

1199111199, 99.

Mundus, 99, 454.

-- (up). 99.
11999919 (Ρ. Rupilius), 466.
Μ99999 fungi, 596.

Munus, 64.

Muraena, 549.

11999, 497 549.
119991999179.

11991919, 699.

Μ9999, 147.

11999, Antonius, 569, 665,
Musam.

1199199999, 499.

119919, Greek, 715.
1199191999, street, 997.
11991991,499.

Mutare, 44, 979, 999, 554.
Mutus pincis, 994.
1119199196.

1119199199, 197, 149.
Mythology, 999199199 91, 159.

Ν.

11999, 464, 466, 564.

Ν9919 (19 dative), 959.

Names, 1191111999, 119, 949.

--,19999191,99,699.

—--,plml, 559.

—·- plural sprung 94.

Ἦ, proper, 19 the plur,

Nudum, 995.

Nudus, 959.

Ν9999, 659.

Nasus 9199999991.

Ν9919, 69, 996.

119913199556.

Ne, 94, 991, 357, 477.

-608999111191 961, 499, 497,

-19919, 445.

Ν9-99, 491.

Ν91919179.

Ν91919,994.

Nec, 99, 96, 179, 456.

Ν99-91, 999.

Ν91999,764.

Ν9199199, 574.

Negative 991 positive 999-
199999,995.

Negotia, 579.

Negotiator, 466, 579.

Nempe, 496.

Nemus, 169.

119919, 919, 559.

Neptunalia, 916.

Nequam, 471.

Ν9991999,479.
Nescius, 99, 141.

 

