' Boys' 66118616, 694.

Β16116, 119, 493, 714.
Britain, 76, 147, 164.
Β1ο6ι6, 366, 466.

’. Β6661166, 439.

Β6116, 986, 384, 647.
Buriul, 66, 319, 419.
Β6616, 366, 876.

0.

06116661, 114, 161.
Cadus, 29, 696.

’ 06616666616666, 199.

0116166616, 136,196.
Caepio, 89. ”
0666616, 49, 191, 164.
0666616, 946.

, calamo, 463, 668.

Colatio, 389.
Culmus, 368, 394.
0616616161, 399.
0616111116, 398.
061116, 497.
caliendrum, 416.
calix, 499.
Callidus, 634.
06111666, 794.
Callosus, 499.

. 0616, 491, 616.

0616611116 111181 799.

0616, 816.

06111616,486.

Cominus, 976, 386, tm.

0616666166 (1166666, 389.

0661666116, 697.

Campus 11611166, 137, 339,
496, 649, 711.

cond, ³77. ’

Condere, 693.

Candidatus, 464.

Candidus, 162, 397.

Canephoroe, 346, 636.

Cunero, 996, 433.

Cuniculo, 176.

06616, 499.

- 116166176.

-— Minor, 176.

— (161611 618166), 191.

0661616, 433.

066166166, 69.

Cantor, 711.

066666 Ρ6116, 376.

06661, 999.

0661116 diminutio, 167, 694.

0661161, 136, 916.

Capro, 676.

Capreo, 496.

06616611, «loo.

ΤΟ ΤΗΕ NOTES.

06666, 366, 439, 669, 799.
06666111, 398.

0661616, 696

06616161, 664.

06661, 669.

06166166, 334, 616.
0611116666, 476.
0616166, 397, 869.
06161161, 396.
06116166, 491, 897.
0661116616, 369.
0666166 severio, 999.
06611116, 699.
0661161, 466.

066166, 966.

0616116, 636.
06161166, 484.
061666, 116, 168.
06166816, 436.
06111166, 319.
Catillus, 96, 47, 96, 496.
0616 Utinensis, 193.
06116661 1166616, 467.
06666, 396.
0666666, 376.
06666, 6111616, 43.
0616, 466.

061616, 687.

06 (66611116), 494.
Codrum, 799.
06111616, 496.
0616661, 633.
06166116, 113.

06116, 69.

- 66116111, 694.
06661166, 469.
0666616, 393, 669.
066666, 794.
0661111666, 118.
0661661111, 896.
0661611611, 793.
0666666, 913.

Coro, 694, 698.
06166166, 116.
0616616666, 376.
011661661416.
061666, 38.

06111166, 496.
Certum 11111666, 619.
061166 oodric), 96. .
Corvinum 11661616, 114.
06666161, 663.
Cetaria, 666.

066661, 99.

0661616, 661.
0661161, 1116166661, 997.
066116, 374, 469, 813, 666.

06616116, 661.

¹ 753

’61616, 661.

0616161116, 976.

Chloridem 799.

06166116, 661.

066611166, 716.

066166, 713, 714, 716.

0611616666, 881.

Cibaria, 396.

ciborium, 191.

01661, 493, 717.

016111666, 363.

016616, 469.

011611, 9.

016161, 436.

0166161116, 799.

016166, 343.

Circus, 499, 646.

011616, 348.

01166, 996.

clarore, 994.

0166116, 341.

Claudia 1666, 996.

Claudius, 999.

016166, 627.

-- 6666116, 76.

0166661111, 69, 84, 489.

01166166, 196.

011166 66661, 999, 993.

0666161, 499, 461, 466, 636,
649, 699, 699.

66161616, 969.

0661666161 61 voven, 169,
166, 976, 364, 419, 416,
471, 463

66616666, 466.

-- nuptialis, 463.

0661661116, 666.

06666116 ud 3616661, 191.

06616616, 139, 476.

061116 61616, 661.

cognatus, 467, 691.

06161161, 696.

Cohibete, 139, 176.

0666111499, 666, 696.

06161616, 696.

Collyrium, 379, 387.

0616666, 77, 116, 198,

06161, 633.

061661, 496.

06166666, 6, 696.

06161666, 794.

’ --- Maenio, 333.

06616111, 719.

-, Old, Middle, ond
Now, 369.

—-‚ Neu, 366.

066166, 499, 696.

Comitium, 699,

0661166611, 916.

Commodus, 189, 936.

06161666 oense, 363.

36

 

