766

110001, 131.

111010 linguis, 137.
111101, 466.

1011, oonplod 111111 601110, 629.
1001101, 10111101, 443.
10000601, 676.
Felix, 396.

1011, 267.

10110100, 623.

1010, 677.

101110 11111010, 692.
-- 1100101101, 669.
1010, 361.

10110, 696.

-— pedem, 113.
101011, 367.
1011101110 (11101), 664.
Festum, 631.

1101110, 766.

1160, 366.

116001, 161.

11601, 66, 76, 666.
Pirae, 110.
1036

1114100, 411.

111010, 676.

Findere, 4.
1101010166.
hugon, 01001 01, 646.
11010, 222.

Finis, 129, 316.
111001, 634.
1111160111664.
11111, 461.

-—-, oootly, 496.
1111011, 196.
1113011110, 367.
11001010, 163, 216.
11011111, 477.
11011011, 674.

100010, 464.

10001, 276, 673, 616.
10610110, 662.
1006011 Regum, 669.
10111 110111, 224.
1000011, 362, 663.
Fonte Bollo, 626.
--- 111600, 626.
1016111610, 669.

1010 (1111), 342.
101011οι6, 72. 666.
10100111, 717.

10101, 624.

10100, 472.
1010110, 266, 373, 669.
Formiae, 163, 361.
Formido, 677.
101016010001, 267 .
101011, 616.

1011, 29, 326.

101111, 396.

10111110, 461.

INDEX

101101 01 boni, 226.
10161, 439, 466, 679.
Fortiter, 621.
101101100, 121.
Portum, 11, 76.

6001001, 3.

60011110, 67, 74, 61, 164,
162,166,136, 169, lon,
216, 236, 236, 243, 266,
266, 331, 346, 372, 396,

100001061101, 626. 444, 461, 462, 466, 622,

1011110010, 667. 644, 633, 674.

10110101000001011, 463. 6001 (1100 genio), 664

60001, 664.

60001, 16, 392.

101001,461, 626, 627.
101101, 167.

11101, 132, 266.
111εο611110, 622, 669.

Georgia, 361, 323, 436.
(1110111, 696.

, Pythagor& defi· 6100160110161.
611610, 377. ξ
amnon. 110, 110, 510, ,

nition 01, 124.
11161101, 476.
Frog, 101110 01, 466.
110010, 10, 413.
Frontibus 06101111, 333.
hugi. 669, 626, 626, 627.
1100001160, 471.
1101111, 176163.
10001, 661.
1011, 239.
10816101, 636, 696.
1011111, 1010100, 167.
111110, 464.
10101000, 144.
Fumarium, 166.
10000 01 01001010, 622.
10001, 716.

6100111, 613.

(11061. 2661393. 639. 673
61011001, 447, 663.

611001, 66.

61111ὶο01111 10110111. 11.
6110016101, 366, 649, 766.
(111000,106.

6111101, 611.

611111, 241, 266.

— (renconis), 326.

1001111 equor. 176.
1001060101, 676.

10001010 laboribus, 136.
10061101, 622.

100601, 136, 663, 612
1000101 01000101, 612.
10001011, 396, 471, 667, 727.
1110011101, 166.

10011, 492.

10011, 662.

10100, 631.

—- 01ρο11010, 666.
hreno, 626.

1011011, 466.

Furnos, 367, 666.

10101, 296, 486.
11111110,367, 476.

1οἔ111, 24, 116, 144, 196,
101010, 66, 166, 364.

Haerere (000111-001100), 71.
11111, 96, 246, 362, 369.
111011ος, 269.

Η1101, 496.

Η1η111100, 449.

11011011 10ος1, 676.
1101101, Apollo 110, 267.
110111, 662.

11001001] 1106101, 00600 01, ’
1101106010, 476, 691, 721.
110011011016, 26, 766, 716.
G. 1101οο101, 26, 237.

11010, 636.

110106100110, 661.

110101 01 1010, 10101, 667.
—— 01 quadrante, 667, 612.
—- 10000601, 667.
61110166, 134, 362, 331
Hic 01010 1001010), 461, 461.
-35301 1110 present 6111366,

61610101, 96.
6110111, 296.

601101, 147.
Gnmbling, 261.
Ganymede, 191, 226.
Garum, 497, 612.
6101, 439.

61111100, 637.

 

1111111110, 011, rna χ

