Μ2

INDEX

Pupium, 649, 676, 716,719. Quondam, 167, 466, 642. 1111661, 619.

Pulvere, 1166, 662.
Pumex, 661.

Quorsum, 466, 476, 466.
06616 (hon), 169.

punctuation, 66616 of, 271, 0661611666, 612.

Punctum, 626, 669, 7 26.
1166166461, 111.
Pupillus, 649, 666.

Pura 16166, 669.
Purgato, 466, 646.

066166, 676.

R.
Rmoe. 723·

1161616, 126, 169, 666, 666, 116ρί66, 667 476.

Quaerunt 611, 691.
066161, 174.
0666111664.
0646666666666 (66666666),
Quandoque, 71.
Quanquam, 64.
Quatenus, 199, 661, 664.
061116, 671.

066, 474.

- (6616116616), 111.
0661166616, 764.

0616, 129.

·- agis? 667.

- 66116, 626, 476.
- 6136 eet? 726.
-66661161 696.
Quidquid 6661661, 266.
(1616116, 291, 627.
Quinem, 722.
0616666666. 261, 266.
Quinquatria, 694.
Quinque 6166, 667.
0616666111, 668.
961616616666, 67.
Quivis, 469.

Quo, 694, 674.
Mea ⁷11ss

0666, 629, 696.

““““· 'ip 6? ⁶89 3⁰8·

116611, 469.

1166616, 462.

11⁸³» ⁶17·

116116, 626.

11611666 modoque, 666.
116166, 266.

116161, 266, 616.

116, 16 composition, 76.

1116161, 676.

1111616116, 666.

Rhombus, 462.

11166161, 626.

11163616, 696.

11163-116361, 627.

lunga, 619, 629.

Ripa, 129, 266, 221.

111611 6661666666 with 11116,
11116, 266.

111166 66116666669.

Robur, 116.
11666661(6163.), 166, 2⁹6,
11611111616617), 231.
11666166 tom ,616,

116166, 626.

Badation, 116, 616, 616, Romnum, 116.

11616116 61166166, 469, 476.
—--- expensum, 469.

11636616 (11666), 216.
11616616, 266, 626, 466.
1166131616, 664.
1166111616169.
1161611161, 269.
1166163116169.
1166166166, 169, 276.
1166ο6616, 662.
11666116, 466.

11661616, 676.
11666166, 141, 661.
Rerum prudentia, 246.
1166, 421, 616, 726.
stambere, 476.
1161136616, 214.
1166611616, 472, 676.
1166616616,11,.667
Respondete, 176, 666, 666.

116616, 666.

nubem, 169.

116616, 647.

116616, 666.

116161, 147, 226.
11636161, 644.
1166616 seeundo, 696.
Rutupiae, 277.

8, σοι-16166661 1ο 61661 qi·

8666616, 426.

8661661666, 11616666, m.

866666, 496.

86661, 476.

86661661 Musarum, 167.

smum, 61, 161, 146, m,
414, 476, 626, 676.

8666166, 616.

Saeculum, 164.

saevus, 66.

86366 Punicum, 296.

8116611, 76, 166.

8616166 Bassus, 676.

86116161 666666, 69, 179.

666, 11.

66116616, 122, 649.

86161661, 69, 96.

86116616, 196.

Saltum, 622.

1166666666, 492, 662, 664, --(611116), 664.

1166666666, 266, 626.
11616166, 462.

116116, 276.
1166661661, 629.
1161111166, 226.

861161, 694.

86166166 silvae, 676.
Salutate, 461.

86161666, 661.

8666116, 669, 446, 666, 676.
8666611116, 412, 679.

161, 19, 66, 66, 616, 611, Sane, 161.

462, 666, 669.

Sanus, 496.

 

